0.300000	0.238141	0.238141
0.304261	0.224509	0.224509
0.308521	0.210937	0.210937
0.312782	0.197424	0.197424
0.317043	0.183968	0.183968
0.321303	0.170570	0.170570
0.325564	0.157229	0.157229
0.329825	0.143943	0.143943
0.334085	0.130712	0.130712
0.338346	0.117535	0.117535
0.342607	0.104413	0.104413
0.346867	0.091343	0.091343
0.351128	0.078325	0.078325
0.355388	0.065360	0.065360
0.359649	0.052445	0.052445
0.363910	0.039581	0.039581
0.368170	0.026766	0.026766
0.372431	0.014001	0.014001
0.376692	0.001285	0.001285
0.380952	-0.011383	-0.011383
0.385213	-0.024004	-0.024004
0.389474	-0.036577	-0.036577
0.393734	-0.049104	-0.049104
0.397995	-0.061584	-0.061584
0.402256	-0.074019	-0.074019
0.406516	-0.086409	-0.086409
0.410777	-0.098754	-0.098754
0.415038	-0.111055	-0.111055
0.419298	-0.123313	-0.123313
0.423559	-0.135527	-0.135527
0.427820	-0.147698	-0.147698
0.432080	-0.159826	-0.159826
0.436341	-0.171913	-0.171913
0.440602	-0.183958	-0.183958
0.444862	-0.195962	-0.195962
0.449123	-0.207925	-0.207925
0.453383	-0.219848	-0.219848
0.457644	-0.231730	-0.231730
0.461905	-0.243573	-0.243573
0.466165	-0.255377	-0.255377
0.470426	-0.267142	-0.267142
0.474687	-0.278868	-0.278868
0.478947	-0.290555	-0.290555
0.483208	-0.302205	-0.302205
0.487469	-0.313818	-0.313818
0.491729	-0.325616	-0.325616
0.495990	-0.337152	-0.337152
0.500251	-0.348652	-0.348652
0.504511	-0.360116	-0.360116
0.508772	-0.371543	-0.371543
0.513033	-0.382935	-0.382935
0.517293	-0.394291	-0.394291
0.521554	-0.405613	-0.405613
0.525815	-0.416899	-0.416899
0.530075	-0.428151	-0.428151
0.534336	-0.439369	-0.439369
0.538596	-0.450553	-0.450553
0.542857	-0.461703	-0.461703
0.547118	-0.472820	-0.472820
0.551378	-0.483903	-0.483903
0.555639	-0.494954	-0.494954
0.559900	-0.505971	-0.505971
0.564160	-0.516957	-0.516957
0.568421	-0.527910	-0.527910
0.572682	-0.538831	-0.538831
0.576942	-0.549721	-0.549721
0.581203	-0.560579	-0.560579
0.585464	-0.571406	-0.571406
0.589724	-0.582202	-0.582202
0.593985	-0.592967	-0.592967
0.598246	-0.603702	-0.603702
0.602506	-0.614406	-0.614406
0.606767	-0.625080	-0.625080
0.611028	-0.635725	-0.635725
0.615288	-0.646339	-0.646339
0.619549	-0.656924	-0.656924
0.623810	-0.667480	-0.667480
0.628070	-0.678006	-0.678006
0.632331	-0.688504	-0.688504
0.636591	-0.698973	-0.698973
0.640852	-0.709413	-0.709413
0.645113	-0.719825	-0.719825
0.649373	-0.730209	-0.730209
0.653634	-0.740566	-0.740566
0.657895	-0.751044	-0.751044
0.662155	-0.761343	-0.761343
0.666416	-0.771615	-0.771615
0.670677	-0.781859	-0.781859
0.674937	-0.792076	-0.792076
0.679198	-0.802266	-0.802266
0.683459	-0.812569	-0.812569
0.687719	-0.822704	-0.822704
0.691980	-0.832813	-0.832813
0.696241	-0.842895	-0.842895
0.700501	-0.852952	-0.852952
0.704762	-0.862982	-0.862982
0.709023	-0.872987	-0.872987
0.713283	-0.882966	-0.882966
0.717544	-0.892920	-0.892920
0.721805	-0.902848	-0.902848
0.726065	-0.912872	-0.912872
0.730326	-0.922748	-0.922748
0.734586	-0.932600	-0.932600
0.738847	-0.942542	-0.942542
0.743108	-0.952342	-0.952342
0.747368	-0.962118	-0.962118
0.751629	-0.971870	-0.971870
0.755890	-0.981597	-0.981597
0.760150	-0.991301	-0.991301
0.764411	-1.000980	-1.000980
0.768672	-1.010738	-1.010738
0.772932	-1.020369	-1.020369
0.777193	-1.030074	-1.030074
0.781454	-1.039656	-1.039656
0.785714	-1.049214	-1.049214
0.789975	-1.058750	-1.058750
0.794236	-1.068262	-1.068262
0.798496	-1.077841	-1.077841
0.802757	-1.087306	-1.087306
0.807018	-1.096833	-1.096833
0.811278	-1.106251	-1.106251
0.815539	-1.115647	-1.115647
0.819799	-1.125020	-1.125020
0.824060	-1.134449	-1.134449
0.828321	-1.143777	-1.143777
0.832581	-1.153156	-1.153156
0.836842	-1.162438	-1.162438
0.841103	-1.171698	-1.171698
0.845363	-1.181005	-1.181005
0.849624	-1.190220	-1.190220
0.853885	-1.199479	-1.199479
0.858145	-1.208650	-1.208650
0.862406	-1.217799	-1.217799
0.866667	-1.226987	-1.226987
0.870927	-1.236150	-1.236150
0.875188	-1.245233	-1.245233
0.879449	-1.254295	-1.254295
0.883709	-1.263388	-1.263388
0.887970	-1.272457	-1.272457
0.892231	-1.281454	-1.281454
0.896491	-1.290431	-1.290431
0.900752	-1.299431	-1.299431
0.905013	-1.308408	-1.308408
0.909273	-1.317320	-1.317320
0.913534	-1.326251	-1.326251
0.917794	-1.335158	-1.335158
0.922055	-1.344007	-1.344007
0.926316	-1.352870	-1.352870
0.930576	-1.361708	-1.361708
0.934837	-1.370495	-1.370495
0.939098	-1.379289	-1.379289
0.943358	-1.388061	-1.388061
0.947619	-1.396785	-1.396785
0.951880	-1.405513	-1.405513
0.956140	-1.414217	-1.414217
0.960401	-1.422881	-1.422881
0.964662	-1.431542	-1.431542
0.968922	-1.440180	-1.440180
0.973183	-1.448796	-1.448796
0.977444	-1.457389	-1.457389
0.981704	-1.465952	-1.465952
0.985965	-1.474509	-1.474509
0.990226	-1.483031	-1.483031
0.994486	-1.491538	-1.491538
0.998747	-1.500022	-1.500022
1.003008	-1.508485	-1.508485
1.007268	-1.516925	-1.516925
1.011529	-1.525344	-1.525344
1.015789	-1.533741	-1.533741
1.020050	-1.542117	-1.542117
1.024311	-1.550471	-1.550471
1.028571	-1.558803	-1.558803
1.032832	-1.567114	-1.567114
1.037093	-1.575404	-1.575404
1.041353	-1.583672	-1.583672
1.045614	-1.591920	-1.591920
1.049875	-1.600146	-1.600146
1.054135	-1.608326	-1.608326
1.058396	-1.616535	-1.616535
1.062657	-1.624670	-1.624670
1.066917	-1.632810	-1.632810
1.071178	-1.640930	-1.640930
1.075439	-1.649029	-1.649029
1.079699	-1.657107	-1.657107
1.083960	-1.665127	-1.665127
1.088221	-1.673162	-1.673162
1.092481	-1.681177	-1.681177
1.096742	-1.689128	-1.689128
1.101003	-1.697100	-1.697100
1.105263	-1.705052	-1.705052
1.109524	-1.712935	-1.712935
1.113784	-1.720845	-1.720845
1.118045	-1.728734	-1.728734
1.122306	-1.736549	-1.736549
1.126566	-1.744339	-1.744339
1.130827	-1.752166	-1.752166
1.135088	-1.759972	-1.759972
1.139348	-1.767695	-1.767695
1.143609	-1.775395	-1.775395
1.147870	-1.783139	-1.783139
1.152130	-1.790863	-1.790863
1.156391	-1.798496	-1.798496
1.160652	-1.806106	-1.806106
1.164912	-1.813693	-1.813693
1.169173	-1.821334	-1.821334
1.173434	-1.828876	-1.828876
1.177694	-1.836476	-1.836476
1.181955	-1.843974	-1.843974
1.186216	-1.851450	-1.851450
1.190476	-1.858902	-1.858902
1.194737	-1.866331	-1.866331
1.198997	-1.873738	-1.873738
1.203258	-1.881122	-1.881122
1.207519	-1.888483	-1.888483
1.211779	-1.895918	-1.895918
1.216040	-1.903235	-1.903235
1.220301	-1.910530	-1.910530
1.224561	-1.917803	-1.917803
1.228822	-1.925053	-1.925053
1.233083	-1.932281	-1.932281
1.237343	-1.939487	-1.939487
1.241604	-1.946670	-1.946670
1.245865	-1.953719	-1.953719
1.250125	-1.960855	-1.960855
1.254386	-1.967970	-1.967970
1.258647	-1.975062	-1.975062
1.262907	-1.982132	-1.982132
1.267168	-1.989181	-1.989181
1.271429	-1.996207	-1.996207
1.275689	-2.003212	-2.003212
1.279950	-2.010066	-2.010066
1.284211	-2.017025	-2.017025
1.288471	-2.023830	-2.023830
1.292732	-2.030743	-2.030743
1.296992	-2.037635	-2.037635
1.301253	-2.044505	-2.044505
1.305514	-2.051214	-2.051214
1.309774	-2.057897	-2.057897
1.314035	-2.064698	-2.064698
1.318296	-2.071478	-2.071478
1.322556	-2.078089	-2.078089
1.326817	-2.084674	-2.084674
1.331078	-2.091386	-2.091386
1.335338	-2.097923	-2.097923
1.339599	-2.104434	-2.104434
1.343860	-2.111078	-2.111078
1.348120	-2.117542	-2.117542
1.352381	-2.123980	-2.123980
1.356642	-2.130557	-2.130557
1.360902	-2.136947	-2.136947
1.365163	-2.143312	-2.143312
1.369424	-2.149822	-2.149822
1.373684	-2.155967	-2.155967
1.377945	-2.162432	-2.162432
1.382206	-2.168523	-2.168523
1.386466	-2.174942	-2.174942
1.390727	-2.180980	-2.180980
1.394987	-2.187354	-2.187354
1.399248	-2.193339	-2.193339
1.403509	-2.199667	-2.199667
1.407769	-2.205598	-2.205598
1.412030	-2.211882	-2.211882
1.416291	-2.217760	-2.217760
1.420551	-2.223804	-2.223804
1.424812	-2.229824	-2.229824
1.429073	-2.235621	-2.235621
1.433333	-2.241790	-2.241790
1.437594	-2.247534	-2.247534
1.441855	-2.253455	-2.253455
1.446115	-2.259351	-2.259351
1.450376	-2.265014	-2.265014
1.454637	-2.270649	-2.270649
1.458897	-2.276682	-2.276682
1.463158	-2.282264	-2.282264
1.467419	-2.287819	-2.287819
1.471679	-2.293565	-2.293565
1.475940	-2.299286	-2.299286
1.480201	-2.304761	-2.304761
1.484461	-2.310207	-2.310207
1.488722	-2.315626	-2.315626
1.492982	-2.321246	-2.321246
1.497243	-2.326611	-2.326611
1.501504	-2.332181	-2.332181
1.505764	-2.337493	-2.337493
1.510025	-2.342776	-2.342776
1.514286	-2.348032	-2.348032
1.518546	-2.353260	-2.353260
1.522807	-2.358460	-2.358460
1.527068	-2.363633	-2.363633
1.531328	-2.368778	-2.368778
1.535589	-2.373895	-2.373895
1.539850	-2.378985	-2.378985
1.544110	-2.384047	-2.384047
1.548371	-2.389082	-2.389082
1.552632	-2.394089	-2.394089
1.556892	-2.399069	-2.399069
1.561153	-2.404022	-2.404022
1.565414	-2.408947	-2.408947
1.569674	-2.413845	-2.413845
1.573935	-2.418715	-2.418715
1.578195	-2.423288	-2.423288
1.582456	-2.427829	-2.427829
1.586717	-2.432613	-2.432613
1.590977	-2.437371	-2.437371
1.595238	-2.442101	-2.442101
1.599499	-2.446523	-2.446523
1.603759	-2.450913	-2.450913
1.608020	-2.455558	-2.455558
1.612281	-2.460176	-2.460176
1.616541	-2.464477	-2.464477
1.620802	-2.468747	-2.468747
1.625063	-2.473280	-2.473280
1.629323	-2.477490	-2.477490
1.633584	-2.481669	-2.481669
1.637845	-2.486117	-2.486117
1.642105	-2.489933	-2.489933
1.646366	-2.494323	-2.494323
1.650627	-2.498380	-2.498380
1.654887	-2.502406	-2.502406
1.659148	-2.506712	-2.506712
1.663409	-2.510365	-2.510365
1.667669	-2.514614	-2.514614
1.671930	-2.518200	-2.518200
1.676190	-2.522392	-2.522392
1.680451	-2.525913	-2.525913
1.684712	-2.529399	-2.529399
1.688972	-2.533502	-2.533502
1.693233	-2.536923	-2.536923
1.697494	-2.540969	-2.540969
1.701754	-2.544324	-2.544324
1.706015	-2.547644	-2.547644
1.710276	-2.551603	-2.551603
1.714536	-2.554857	-2.554857
1.718797	-2.558077	-2.558077
1.723058	-2.561605	-2.561605
1.727318	-2.565103	-2.565103
1.731579	-2.568223	-2.568223
1.735840	-2.571308	-2.571308
1.740100	-2.574358	-2.574358
1.744361	-2.578082	-2.578082
1.748622	-2.581068	-2.581068
1.752882	-2.584018	-2.584018
1.757143	-2.586934	-2.586934
1.761404	-2.589816	-2.589816
1.765664	-2.592663	-2.592663
1.769925	-2.595476	-2.595476
1.774185	-2.598254	-2.598254
1.778446	-2.600997	-2.600997
1.782707	-2.603706	-2.603706
1.786967	-2.606381	-2.606381
1.791228	-2.609021	-2.609021
1.795489	-2.611628	-2.611628
1.799749	-2.614199	-2.614199
1.804010	-2.616737	-2.616737
1.808271	-2.619240	-2.619240
1.812531	-2.621709	-2.621709
1.816792	-2.624144	-2.624144
1.821053	-2.626544	-2.626544
1.825313	-2.628119	-2.628119
1.829574	-2.630446	-2.630446
1.833835	-2.632740	-2.632740
1.838095	-2.635000	-2.635000
1.842356	-2.636416	-2.636416
1.846617	-2.638603	-2.638603
1.850877	-2.640756	-2.640756
1.855138	-2.642052	-2.642052
1.859398	-2.644133	-2.644133
1.863659	-2.646180	-2.646180
1.867920	-2.647357	-2.647357
1.872180	-2.649332	-2.649332
1.876441	-2.650428	-2.650428
1.880702	-2.652330	-2.652330
1.884962	-2.654199	-2.654199
1.889223	-2.655176	-2.655176
1.893484	-2.656973	-2.656973
1.897744	-2.657869	-2.657869
1.902005	-2.658722	-2.658722
1.906266	-2.660409	-2.660409
1.910526	-2.661182	-2.661182
1.914787	-2.662798	-2.662798
1.919048	-2.663490	-2.663490
1.923308	-2.664139	-2.664139
1.927569	-2.665645	-2.665645
1.931830	-2.666214	-2.666214
1.936090	-2.666741	-2.666741
1.940351	-2.667225	-2.667225
1.944612	-2.668584	-2.668584
1.948872	-2.668989	-2.668989
1.953133	-2.669350	-2.669350
1.957393	-2.669670	-2.669670
1.961654	-2.669947	-2.669947
1.965915	-2.670182	-2.670182
1.970175	-2.670375	-2.670375
1.974436	-2.670525	-2.670525
1.978697	-2.670634	-2.670634
1.982957	-2.671658	-2.671658
1.987218	-2.670724	-2.670724
1.991479	-2.670706	-2.670706
1.995739	-2.670646	-2.670646
2.000000	-2.670544	-2.670544
